Miles = 123.000000
Kilometers = 197.907000
